pickup orb map, 2D INT array:
0 -> ignore this tile
1 -> empty path
2 -> orb
3 -> power orb

{
{0,0,0,0,0,0,0,0,0,0,0,0,0,0,0,0,0,0,0,0,0,0,0,0,0,0,0,0},
{0,2,2,2,2,2,2,2,2,2,2,2,2,0,0,2,2,2,2,2,2,2,2,2,2,2,2,0},
{0,2,0,0,0,0,2,0,0,0,0,0,2,0,0,2,0,0,0,0,0,2,0,0,0,0,2,0},
{0,3,0,0,0,0,2,0,0,0,0,0,2,0,0,2,0,0,0,0,0,2,0,0,0,0,3,0},
{0,2,0,0,0,0,2,0,0,0,0,0,2,0,0,2,0,0,0,0,0,2,0,0,0,0,2,0},
{0,2,2,2,2,2,2,2,2,2,2,2,2,2,2,2,2,2,2,2,2,2,2,2,2,2,2,0},
{0,2,0,0,0,0,2,0,0,2,0,0,0,0,0,0,0,0,2,0,0,2,0,0,0,0,2,0},
{0,2,0,0,0,0,2,0,0,2,0,0,0,0,0,0,0,0,2,0,0,2,0,0,0,0,2,0},
{0,2,2,2,2,2,2,0,0,2,2,2,2,0,0,2,2,2,2,0,0,2,2,2,2,2,2,0},
{0,0,0,0,0,0,2,0,0,0,0,0,2,0,0,2,0,0,0,0,0,2,0,0,0,0,0,0},
{0,0,0,0,0,0,2,0,0,0,0,0,2,0,0,2,0,0,0,0,0,2,0,0,0,0,0,0},
{0,0,0,0,0,0,2,0,0,2,2,2,2,2,2,2,2,2,2,0,0,2,0,0,0,0,0,0},
{0,0,0,0,0,0,2,0,0,2,0,0,0,1,1,0,0,0,2,0,0,2,0,0,0,0,0,0},
{0,0,0,0,0,0,2,0,0,2,0,1,1,1,1,1,1,0,2,0,0,2,0,0,0,0,0,0},
{2,2,2,2,2,2,2,2,2,2,0,1,1,1,1,1,1,0,2,2,2,2,2,2,2,2,2,2},
{0,0,0,0,0,0,2,0,0,2,0,1,1,1,1,1,1,0,2,0,0,2,0,0,0,0,0,0},
{0,0,0,0,0,0,2,0,0,2,0,0,0,0,0,0,0,0,2,0,0,2,0,0,0,0,0,0},
{0,0,0,0,0,0,2,0,0,2,2,2,2,2,2,2,2,2,2,0,0,2,0,0,0,0,0,0},
{0,0,0,0,0,0,2,0,0,2,0,0,0,0,0,0,0,0,2,0,0,2,0,0,0,0,0,0},
{0,0,0,0,0,0,2,0,0,2,0,0,0,0,0,0,0,0,2,0,0,2,0,0,0,0,0,0},
{0,2,2,2,2,2,2,2,2,2,2,2,2,0,0,2,2,2,2,2,2,2,2,2,2,2,2,0},
{0,2,0,0,0,0,2,0,0,0,0,0,2,0,0,2,0,0,0,0,0,2,0,0,0,0,2,0},
{0,2,0,0,0,0,2,0,0,0,0,0,2,0,0,2,0,0,0,0,0,2,0,0,0,0,2,0},
{0,3,2,2,0,0,2,2,2,2,2,2,2,2,2,2,2,2,2,2,2,2,0,0,2,2,3,0},
{0,0,0,2,0,0,2,0,0,2,0,0,0,0,0,0,0,0,2,0,0,2,0,0,2,0,0,0},
{0,0,0,2,0,0,2,0,0,2,0,0,0,0,0,0,0,0,2,0,0,2,0,0,2,0,0,0},
{0,2,2,2,2,2,2,0,0,2,2,2,2,0,0,2,2,2,2,0,0,2,2,2,2,2,2,0},
{0,2,0,0,0,0,0,0,0,0,0,0,2,0,0,2,0,0,0,0,0,0,0,0,0,0,2,0},
{0,2,0,0,0,0,0,0,0,0,0,0,2,0,0,2,0,0,0,0,0,0,0,0,0,0,2,0},
{0,2,2,2,2,2,2,2,2,2,2,2,2,2,2,2,2,2,2,2,2,2,2,2,2,2,2,0},
{0,0,0,0,0,0,0,0,0,0,0,0,0,0,0,0,0,0,0,0,0,0,0,0,0,0,0,0},
}